INSERT INTO Alunos (id,aluno_id,aula_id)
VALUES
  (1,4,5),
  (2,79,6),
  (3,11,2),
  (4,31,6),
  (5,17,5),
  (6,76,7),
  (7,3,3),
  (8,58,2),
  (9,78,5),
  (10,61,5);
INSERT INTO Alunos (id,aluno_id,aula_id)
VALUES
  (11,97,2),
  (12,3,3),
  (13,22,7),
  (14,100,1),
  (15,53,2),
  (16,17,3),
  (17,93,3),
  (18,64,6),
  (19,40,6),
  (20,83,7);
INSERT INTO Alunos (id,aluno_id,aula_id)
VALUES
  (21,100,6),
  (22,61,7),
  (23,59,3),
  (24,37,2),
  (25,83,5),
  (26,66,2),
  (27,46,2),
  (28,41,3),
  (29,45,4),
  (30,5,6);
INSERT INTO Alunos (id,aluno_id,aula_id)
VALUES
  (31,51,2),
  (32,53,5),
  (33,46,5),
  (34,52,6),
  (35,41,6),
  (36,78,5),
  (37,63,5),
  (38,11,3),
  (39,95,5),
  (40,9,6);
INSERT INTO Alunos (id,aluno_id,aula_id)
VALUES
  (41,75,2),
  (42,51,3),
  (43,55,6),
  (44,27,2),
  (45,97,1),
  (46,38,4),
  (47,36,5),
  (48,91,1),
  (49,2,2),
  (50,93,2);
INSERT INTO Alunos (id,aluno_id,aula_id)
VALUES
  (51,7,3),
  (52,88,6),
  (53,94,4),
  (54,15,6),
  (55,70,5),
  (56,66,3),
  (57,34,3),
  (58,61,7),
  (59,52,5),
  (60,61,6);
INSERT INTO Alunos (id,aluno_id,aula_id)
VALUES
  (61,41,3),
  (62,70,2),
  (63,29,7),
  (64,93,1),
  (65,63,4),
  (66,17,6),
  (67,63,3),
  (68,34,2),
  (69,82,5),
  (70,27,6);
INSERT INTO Alunos (id,aluno_id,aula_id)
VALUES
  (71,41,3),
  (72,92,5),
  (73,46,5),
  (74,92,2),
  (75,90,3),
  (76,8,4),
  (77,54,5),
  (78,59,6),
  (79,19,1),
  (80,27,3);
INSERT INTO Alunos (id,aluno_id,aula_id)
VALUES
  (81,30,4),
  (82,1,7),
  (83,61,2),
  (84,63,5),
  (85,68,5),
  (86,52,3),
  (87,7,3),
  (88,61,6),
  (89,90,4),
  (90,90,1);
INSERT INTO Alunos (id,aluno_id,aula_id)
VALUES
  (91,13,2),
  (92,20,3),
  (93,76,5),
  (94,10,1),
  (95,54,4),
  (96,81,3),
  (97,64,4),
  (98,13,3),
  (99,98,5),
  (100,5,3);
